3924073729
2785637785
2949987547
1662429125
3738004612
2378963843
5696451432
1781202627
1787972573
1348828332
3897957442
3178016693
1731141942
2012543534
6042755533
1216407985
1899111257
6212569431
5872698688
1717547517
1803535741
3613482387
5509309439
1803535741
5344978135
1909324657
2803918807
5164673844
5654406416
2657931814
6373735135
1867231047
3824075237
1704916701
2657971507
1169375514
5834093653
1321586673
3837637989
3009078534
5108010300
1769165581
2312294735
2350497967
3258081330
1254155337
2558640967
5032063790
2374315310
5012213876
1266404483
3779949427
3041541100
5082050559
3124738861
3203419785
1960204371
5994415632
3889572584
6224876427
3295941830
5597452292
5670162827
1887272027
2330668104
3777025483
3290780204
5060422121